---------------------
 Parameters 
 --------------
N: [105.  63.  90.  70.] 
C: [2, 3, 2, 3] 
D: [6, 10, 7, 9] 
T: [6, 10, 7, 9] 
I: [0 1 1 0] 
Hyperperiod: 630 
Activation: [[0, 1, 2, 3, 4, 5, 6, 7, 8, 9, 10, 11, 12, 13, 14, 15, 16, 17, 18, 19, 20, 21, 22, 23, 24, 25, 26, 27, 28, 29, 30, 31, 32, 33, 34, 35, 36, 37, 38, 39, 40, 41, 42, 43, 44, 45, 46, 47, 48, 49, 50, 51, 52, 53, 54, 55, 56, 57, 58, 59, 60, 61, 62, 63, 64, 65, 66, 67, 68, 69, 70, 71, 72, 73, 74, 75, 76, 77, 78, 79, 80, 81, 82, 83, 84, 85, 86, 87, 88, 89, 90, 91, 92, 93, 94, 95, 96, 97, 98, 99, 100, 101, 102, 103, 104], [0, 1, 2, 3, 4, 5, 6, 7, 8, 9, 10, 11, 12, 13, 14, 15, 16, 17, 18, 19, 20, 21, 22, 23, 24, 25, 26, 27, 28, 29, 30, 31, 32, 33, 34, 35, 36, 37, 38, 39, 40, 41, 42, 43, 44, 45, 46, 47, 48, 49, 50, 51, 52, 53, 54, 55, 56, 57, 58, 59, 60, 61, 62], [0, 1, 2, 3, 4, 5, 6, 7, 8, 9, 10, 11, 12, 13, 14, 15, 16, 17, 18, 19, 20, 21, 22, 23, 24, 25, 26, 27, 28, 29, 30, 31, 32, 33, 34, 35, 36, 37, 38, 39, 40, 41, 42, 43, 44, 45, 46, 47, 48, 49, 50, 51, 52, 53, 54, 55, 56, 57, 58, 59, 60, 61, 62, 63, 64, 65, 66, 67, 68, 69, 70, 71, 72, 73, 74, 75, 76, 77, 78, 79, 80, 81, 82, 83, 84, 85, 86, 87, 88, 89], [0, 1, 2, 3, 4, 5, 6, 7, 8, 9, 10, 11, 12, 13, 14, 15, 16, 17, 18, 19, 20, 21, 22, 23, 24, 25, 26, 27, 28, 29, 30, 31, 32, 33, 34, 35, 36, 37, 38, 39, 40, 41, 42, 43, 44, 45, 46, 47, 48, 49, 50, 51, 52, 53, 54, 55, 56, 57, 58, 59, 60, 61, 62, 63, 64, 65, 66, 67, 68, 69]] 
Absolute deadline: [[6, 12, 18, 24, 30, 36, 42, 48, 54, 60, 66, 72, 78, 84, 90, 96, 102, 108, 114, 120, 126, 132, 138, 144, 150, 156, 162, 168, 174, 180, 186, 192, 198, 204, 210, 216, 222, 228, 234, 240, 246, 252, 258, 264, 270, 276, 282, 288, 294, 300, 306, 312, 318, 324, 330, 336, 342, 348, 354, 360, 366, 372, 378, 384, 390, 396, 402, 408, 414, 420, 426, 432, 438, 444, 450, 456, 462, 468, 474, 480, 486, 492, 498, 504, 510, 516, 522, 528, 534, 540, 546, 552, 558, 564, 570, 576, 582, 588, 594, 600, 606, 612, 618, 624, 630], [10, 20, 30, 40, 50, 60, 70, 80, 90, 100, 110, 120, 130, 140, 150, 160, 170, 180, 190, 200, 210, 220, 230, 240, 250, 260, 270, 280, 290, 300, 310, 320, 330, 340, 350, 360, 370, 380, 390, 400, 410, 420, 430, 440, 450, 460, 470, 480, 490, 500, 510, 520, 530, 540, 550, 560, 570, 580, 590, 600, 610, 620, 630], [7, 14, 21, 28, 35, 42, 49, 56, 63, 70, 77, 84, 91, 98, 105, 112, 119, 126, 133, 140, 147, 154, 161, 168, 175, 182, 189, 196, 203, 210, 217, 224, 231, 238, 245, 252, 259, 266, 273, 280, 287, 294, 301, 308, 315, 322, 329, 336, 343, 350, 357, 364, 371, 378, 385, 392, 399, 406, 413, 420, 427, 434, 441, 448, 455, 462, 469, 476, 483, 490, 497, 504, 511, 518, 525, 532, 539, 546, 553, 560, 567, 574, 581, 588, 595, 602, 609, 616, 623, 630], [9, 18, 27, 36, 45, 54, 63, 72, 81, 90, 99, 108, 117, 126, 135, 144, 153, 162, 171, 180, 189, 198, 207, 216, 225, 234, 243, 252, 261, 270, 279, 288, 297, 306, 315, 324, 333, 342, 351, 360, 369, 378, 387, 396, 405, 414, 423, 432, 441, 450, 459, 468, 477, 486, 495, 504, 513, 522, 531, 540, 549, 558, 567, 576, 585, 594, 603, 612, 621, 630]] 
maxI: 0 
o_i_j: [[0, 0], [0, 0], [0, 0], [0, 0]] 
Number of busy periods: 105 
S_i_h: [[[0], [1], [2], [3], [4], [5], [6], [7], [8], [9], [10], [11], [12], [13], [14], [15], [16], [17], [18], [19], [20], [21], [22], [23], [24], [25], [26], [27], [28], [29], [30], [31], [32], [33], [34], [35], [36], [37], [38], [39], [40], [41], [42], [43], [44], [45], [46], [47], [48], [49], [50], [51], [52], [53], [54], [55], [56], [57], [58], [59], [60], [61], [62], [63], [64], [65], [66], [67], [68], [69], [70], [71], [72], [73], [74], [75], [76], [77], [78], [79], [80], [81], [82], [83], [84], [85], [86], [87], [88], [89], [90], [91], [92], [93], [94], [95], [96], [97], [98], [99], [100], [101], [102], [103], [104]], [[0], [], [1], [2], [], [3], [], [4], [5], [], [6], [], [7], [8], [], [9], [], [10], [11], [], [12], [], [13], [14], [], [15], [], [16], [17], [], [18], [], [19], [20], [], [21], [], [22], [23], [], [24], [], [25], [26], [], [27], [], [28], [29], [], [30], [], [31], [32], [], [33], [], [34], [35], [], [36], [], [37], [38], [], [39], [], [40], [41], [], [42], [], [43], [44], [], [45], [], [46], [47], [], [48], [], [49], [50], [], [51], [], [52], [53], [], [54], [], [55], [56], [], [57], [], [58], [59], [], [60], [], [61], [62], []], [[0], [1], [2], [3], [], [5], [], [6], [7], [8], [9], [], [10], [], [12], [13], [14], [15], [16], [], [], [18], [19], [20], [], [22], [], [23], [24], [25], [26], [], [], [29], [], [30], [31], [32], [33], [], [35], [], [36], [37], [38], [39], [], [40], [], [42], [43], [44], [45], [46], [], [], [48], [49], [50], [], [52], [], [53], [54], [55], [56], [], [], [59], [], [60], [61], [62], [63], [], [65], [], [66], [67], [68], [69], [], [70], [], [72], [73], [74], [75], [76], [], [], [78], [79], [80], [], [82], [], [83], [84], [85], [86], [], [], [89], []], [[0], [], [], [2], [], [], [4], [5], [], [6], [7], [], [8], [9], [], [10], [], [], [12], [], [], [14], [15], [], [16], [17], [], [18], [19], [], [20], [], [], [22], [], [], [24], [25], [], [26], [27], [], [28], [29], [], [30], [], [], [32], [], [], [34], [35], [], [36], [37], [], [38], [39], [], [40], [], [], [42], [], [], [44], [45], [], [46], [47], [], [48], [49], [], [50], [], [], [52], [], [], [54], [55], [], [56], [57], [], [58], [59], [], [60], [], [], [62], [], [], [64], [65], [], [66], [67], [], [68], [69], []]] 
R_i_a_h: [[{0: [0, 1, 2, 3, 4, 5]}, {1: [6, 7, 8], 2: [10, 11]}, {2: [12, 13, 14, 15]}, {3: [18, 19, 20, 21, 22, 23]}, {4: [24, 25, 26]}, {5: [30, 31, 32, 33, 34, 35]}, {6: [36, 37, 38], 7: [40, 41]}, {7: [42, 43, 44, 45]}, {8: [48, 49, 50, 51, 52, 53]}, {9: [54, 55, 56]}, {10: [60, 61, 62, 63, 64, 65]}, {11: [66, 67, 68], 12: [70, 71]}, {12: [72, 73, 74, 75]}, {13: [78, 79, 80, 81, 82, 83]}, {14: [84, 85, 86]}, {15: [90, 91, 92, 93, 94, 95]}, {16: [96, 97, 98], 17: [100, 101]}, {17: [102, 103, 104, 105]}, {18: [108, 109, 110, 111, 112, 113]}, {19: [114, 115, 116]}, {20: [120, 121, 122, 123, 124, 125]}, {21: [126, 127, 128], 22: [130, 131]}, {22: [132, 133, 134, 135]}, {23: [138, 139, 140, 141, 142, 143]}, {24: [144, 145, 146]}, {25: [150, 151, 152, 153, 154, 155]}, {26: [156, 157, 158], 27: [160, 161]}, {27: [162, 163, 164, 165]}, {28: [168, 169, 170, 171, 172, 173]}, {29: [174, 175, 176]}, {30: [180, 181, 182, 183, 184, 185]}, {31: [186, 187, 188], 32: [190, 191]}, {32: [192, 193, 194, 195]}, {33: [198, 199, 200, 201, 202, 203]}, {34: [204, 205, 206]}, {35: [210, 211, 212, 213, 214, 215]}, {36: [216, 217, 218], 37: [220, 221]}, {37: [222, 223, 224, 225]}, {38: [228, 229, 230, 231, 232, 233]}, {39: [234, 235, 236]}, {40: [240, 241, 242, 243, 244, 245]}, {41: [246, 247, 248], 42: [250, 251]}, {42: [252, 253, 254, 255]}, {43: [258, 259, 260, 261, 262, 263]}, {44: [264, 265, 266]}, {45: [270, 271, 272, 273, 274, 275]}, {46: [276, 277, 278], 47: [280, 281]}, {47: [282, 283, 284, 285]}, {48: [288, 289, 290, 291, 292, 293]}, {49: [294, 295, 296]}, {50: [300, 301, 302, 303, 304, 305]}, {51: [306, 307, 308], 52: [310, 311]}, {52: [312, 313, 314, 315]}, {53: [318, 319, 320, 321, 322, 323]}, {54: [324, 325, 326]}, {55: [330, 331, 332, 333, 334, 335]}, {56: [336, 337, 338], 57: [340, 341]}, {57: [342, 343, 344, 345]}, {58: [348, 349, 350, 351, 352, 353]}, {59: [354, 355, 356]}, {60: [360, 361, 362, 363, 364, 365]}, {61: [366, 367, 368], 62: [370, 371]}, {62: [372, 373, 374, 375]}, {63: [378, 379, 380, 381, 382, 383]}, {64: [384, 385, 386]}, {65: [390, 391, 392, 393, 394, 395]}, {66: [396, 397, 398], 67: [400, 401]}, {67: [402, 403, 404, 405]}, {68: [408, 409, 410, 411, 412, 413]}, {69: [414, 415, 416]}, {70: [420, 421, 422, 423, 424, 425]}, {71: [426, 427, 428], 72: [430, 431]}, {72: [432, 433, 434, 435]}, {73: [438, 439, 440, 441, 442, 443]}, {74: [444, 445, 446]}, {75: [450, 451, 452, 453, 454, 455]}, {76: [456, 457, 458], 77: [460, 461]}, {77: [462, 463, 464, 465]}, {78: [468, 469, 470, 471, 472, 473]}, {79: [474, 475, 476]}, {80: [480, 481, 482, 483, 484, 485]}, {81: [486, 487, 488], 82: [490, 491]}, {82: [492, 493, 494, 495]}, {83: [498, 499, 500, 501, 502, 503]}, {84: [504, 505, 506]}, {85: [510, 511, 512, 513, 514, 515]}, {86: [516, 517, 518], 87: [520, 521]}, {87: [522, 523, 524, 525]}, {88: [528, 529, 530, 531, 532, 533]}, {89: [534, 535, 536]}, {90: [540, 541, 542, 543, 544, 545]}, {91: [546, 547, 548], 92: [550, 551]}, {92: [552, 553, 554, 555]}, {93: [558, 559, 560, 561, 562, 563]}, {94: [564, 565, 566]}, {95: [570, 571, 572, 573, 574, 575]}, {96: [576, 577, 578], 97: [580, 581]}, {97: [582, 583, 584, 585]}, {98: [588, 589, 590, 591, 592, 593]}, {99: [594, 595, 596]}, {100: [600, 601, 602, 603, 604, 605]}, {101: [606, 607, 608], 102: [610, 611]}, {102: [612, 613, 614, 615]}, {103: [618, 619, 620, 621, 622, 623]}, {104: [624, 625, 626]}], [{0: [0, 1, 2, 3, 4, 5], 1: [6, 7, 8]}, {2: [10, 11, 12, 13, 14, 15], 3: [18, 19]}, {3: [20, 21, 22, 23], 4: [24, 25, 26]}, {5: [30, 31, 32, 33, 34, 35], 6: [36, 37, 38]}, {7: [40, 41, 42, 43, 44, 45], 8: [48, 49]}, {8: [50, 51, 52, 53], 9: [54, 55, 56]}, {10: [60, 61, 62, 63, 64, 65], 11: [66, 67, 68]}, {12: [70, 71, 72, 73, 74, 75], 13: [78, 79]}, {13: [80, 81, 82, 83], 14: [84, 85, 86]}, {15: [90, 91, 92, 93, 94, 95], 16: [96, 97, 98]}, {17: [100, 101, 102, 103, 104, 105], 18: [108, 109]}, {18: [110, 111, 112, 113], 19: [114, 115, 116]}, {20: [120, 121, 122, 123, 124, 125], 21: [126, 127, 128]}, {22: [130, 131, 132, 133, 134, 135], 23: [138, 139]}, {23: [140, 141, 142, 143], 24: [144, 145, 146]}, {25: [150, 151, 152, 153, 154, 155], 26: [156, 157, 158]}, {27: [160, 161, 162, 163, 164, 165], 28: [168, 169]}, {28: [170, 171, 172, 173], 29: [174, 175, 176]}, {30: [180, 181, 182, 183, 184, 185], 31: [186, 187, 188]}, {32: [190, 191, 192, 193, 194, 195], 33: [198, 199]}, {33: [200, 201, 202, 203], 34: [204, 205, 206]}, {35: [210, 211, 212, 213, 214, 215], 36: [216, 217, 218]}, {37: [220, 221, 222, 223, 224, 225], 38: [228, 229]}, {38: [230, 231, 232, 233], 39: [234, 235, 236]}, {40: [240, 241, 242, 243, 244, 245], 41: [246, 247, 248]}, {42: [250, 251, 252, 253, 254, 255], 43: [258, 259]}, {43: [260, 261, 262, 263], 44: [264, 265, 266]}, {45: [270, 271, 272, 273, 274, 275], 46: [276, 277, 278]}, {47: [280, 281, 282, 283, 284, 285], 48: [288, 289]}, {48: [290, 291, 292, 293], 49: [294, 295, 296]}, {50: [300, 301, 302, 303, 304, 305], 51: [306, 307, 308]}, {52: [310, 311, 312, 313, 314, 315], 53: [318, 319]}, {53: [320, 321, 322, 323], 54: [324, 325, 326]}, {55: [330, 331, 332, 333, 334, 335], 56: [336, 337, 338]}, {57: [340, 341, 342, 343, 344, 345], 58: [348, 349]}, {58: [350, 351, 352, 353], 59: [354, 355, 356]}, {60: [360, 361, 362, 363, 364, 365], 61: [366, 367, 368]}, {62: [370, 371, 372, 373, 374, 375], 63: [378, 379]}, {63: [380, 381, 382, 383], 64: [384, 385, 386]}, {65: [390, 391, 392, 393, 394, 395], 66: [396, 397, 398]}, {67: [400, 401, 402, 403, 404, 405], 68: [408, 409]}, {68: [410, 411, 412, 413], 69: [414, 415, 416]}, {70: [420, 421, 422, 423, 424, 425], 71: [426, 427, 428]}, {72: [430, 431, 432, 433, 434, 435], 73: [438, 439]}, {73: [440, 441, 442, 443], 74: [444, 445, 446]}, {75: [450, 451, 452, 453, 454, 455], 76: [456, 457, 458]}, {77: [460, 461, 462, 463, 464, 465], 78: [468, 469]}, {78: [470, 471, 472, 473], 79: [474, 475, 476]}, {80: [480, 481, 482, 483, 484, 485], 81: [486, 487, 488]}, {82: [490, 491, 492, 493, 494, 495], 83: [498, 499]}, {83: [500, 501, 502, 503], 84: [504, 505, 506]}, {85: [510, 511, 512, 513, 514, 515], 86: [516, 517, 518]}, {87: [520, 521, 522, 523, 524, 525], 88: [528, 529]}, {88: [530, 531, 532, 533], 89: [534, 535, 536]}, {90: [540, 541, 542, 543, 544, 545], 91: [546, 547, 548]}, {92: [550, 551, 552, 553, 554, 555], 93: [558, 559]}, {93: [560, 561, 562, 563], 94: [564, 565, 566]}, {95: [570, 571, 572, 573, 574, 575], 96: [576, 577, 578]}, {97: [580, 581, 582, 583, 584, 585], 98: [588, 589]}, {98: [590, 591, 592, 593], 99: [594, 595, 596]}, {100: [600, 601, 602, 603, 604, 605], 101: [606, 607, 608]}, {102: [610, 611, 612, 613, 614, 615], 103: [618, 619]}, {103: [620, 621, 622, 623], 104: [624, 625, 626]}], [{0: [0, 1, 2, 3, 4, 5], 1: [6]}, {1: [7, 8], 2: [10, 11, 12, 13]}, {2: [14, 15], 3: [18, 19, 20]}, {3: [21, 22, 23], 4: [24, 25, 26]}, {5: [30, 31, 32, 33, 34]}, {5: [35], 6: [36, 37, 38], 7: [40, 41]}, {7: [42, 43, 44, 45], 8: [48]}, {8: [49, 50, 51, 52, 53], 9: [54, 55]}, {9: [56], 10: [60, 61, 62]}, {10: [63, 64, 65], 11: [66, 67, 68]}, {12: [70, 71, 72, 73, 74, 75]}, {13: [78, 79, 80, 81, 82, 83]}, {14: [84, 85, 86], 15: [90]}, {15: [91, 92, 93, 94, 95], 16: [96, 97]}, {16: [98], 17: [100, 101, 102, 103, 104]}, {17: [105], 18: [108, 109, 110, 111]}, {18: [112, 113], 19: [114, 115, 116]}, {20: [120, 121, 122, 123, 124, 125]}, {21: [126, 127, 128], 22: [130, 131, 132]}, {22: [133, 134, 135], 23: [138, 139]}, {23: [140, 141, 142, 143], 24: [144, 145, 146]}, {25: [150, 151, 152, 153]}, {25: [154, 155], 26: [156, 157, 158], 27: [160]}, {27: [161, 162, 163, 164, 165]}, {28: [168, 169, 170, 171, 172, 173], 29: [174]}, {29: [175, 176], 30: [180, 181]}, {30: [182, 183, 184, 185], 31: [186, 187, 188]}, {32: [190, 191, 192, 193, 194, 195]}, {33: [198, 199, 200, 201, 202]}, {33: [203], 34: [204, 205, 206]}, {35: [210, 211, 212, 213, 214, 215], 36: [216]}, {36: [217, 218], 37: [220, 221, 222, 223]}, {37: [224, 225], 38: [228, 229, 230]}, {38: [231, 232, 233], 39: [234, 235, 236]}, {40: [240, 241, 242, 243, 244]}, {40: [245], 41: [246, 247, 248], 42: [250, 251]}, {42: [252, 253, 254, 255], 43: [258]}, {43: [259, 260, 261, 262, 263], 44: [264, 265]}, {44: [266], 45: [270, 271, 272]}, {45: [273, 274, 275], 46: [276, 277, 278]}, {47: [280, 281, 282, 283, 284, 285]}, {48: [288, 289, 290, 291, 292, 293]}, {49: [294, 295, 296], 50: [300]}, {50: [301, 302, 303, 304, 305], 51: [306, 307]}, {51: [308], 52: [310, 311, 312, 313, 314]}, {52: [315], 53: [318, 319, 320, 321]}, {53: [322, 323], 54: [324, 325, 326]}, {55: [330, 331, 332, 333, 334, 335]}, {56: [336, 337, 338], 57: [340, 341, 342]}, {57: [343, 344, 345], 58: [348, 349]}, {58: [350, 351, 352, 353], 59: [354, 355, 356]}, {60: [360, 361, 362, 363]}, {60: [364, 365], 61: [366, 367, 368], 62: [370]}, {62: [371, 372, 373, 374, 375]}, {63: [378, 379, 380, 381, 382, 383], 64: [384]}, {64: [385, 386], 65: [390, 391]}, {65: [392, 393, 394, 395], 66: [396, 397, 398]}, {67: [400, 401, 402, 403, 404, 405]}, {68: [408, 409, 410, 411, 412]}, {68: [413], 69: [414, 415, 416]}, {70: [420, 421, 422, 423, 424, 425], 71: [426]}, {71: [427, 428], 72: [430, 431, 432, 433]}, {72: [434, 435], 73: [438, 439, 440]}, {73: [441, 442, 443], 74: [444, 445, 446]}, {75: [450, 451, 452, 453, 454]}, {75: [455], 76: [456, 457, 458], 77: [460, 461]}, {77: [462, 463, 464, 465], 78: [468]}, {78: [469, 470, 471, 472, 473], 79: [474, 475]}, {79: [476], 80: [480, 481, 482]}, {80: [483, 484, 485], 81: [486, 487, 488]}, {82: [490, 491, 492, 493, 494, 495]}, {83: [498, 499, 500, 501, 502, 503]}, {84: [504, 505, 506], 85: [510]}, {85: [511, 512, 513, 514, 515], 86: [516, 517]}, {86: [518], 87: [520, 521, 522, 523, 524]}, {87: [525], 88: [528, 529, 530, 531]}, {88: [532, 533], 89: [534, 535, 536]}, {90: [540, 541, 542, 543, 544, 545]}, {91: [546, 547, 548], 92: [550, 551, 552]}, {92: [553, 554, 555], 93: [558, 559]}, {93: [560, 561, 562, 563], 94: [564, 565, 566]}, {95: [570, 571, 572, 573]}, {95: [574, 575], 96: [576, 577, 578], 97: [580]}, {97: [581, 582, 583, 584, 585]}, {98: [588, 589, 590, 591, 592, 593], 99: [594]}, {99: [595, 596], 100: [600, 601]}, {100: [602, 603, 604, 605], 101: [606, 607, 608]}, {102: [610, 611, 612, 613, 614, 615]}, {103: [618, 619, 620, 621, 622]}, {103: [623], 104: [624, 625, 626]}], [{0: [0, 1, 2, 3, 4, 5], 1: [6, 7, 8]}, {2: [10, 11, 12, 13, 14, 15]}, {3: [18, 19, 20, 21, 22, 23], 4: [24, 25, 26]}, {5: [30, 31, 32, 33, 34, 35]}, {6: [36, 37, 38], 7: [40, 41, 42, 43, 44]}, {7: [45], 8: [48, 49, 50, 51, 52, 53]}, {9: [54, 55, 56], 10: [60, 61, 62]}, {10: [63, 64, 65], 11: [66, 67, 68], 12: [70, 71]}, {12: [72, 73, 74, 75], 13: [78, 79, 80]}, {13: [81, 82, 83], 14: [84, 85, 86]}, {15: [90, 91, 92, 93, 94, 95], 16: [96, 97, 98]}, {17: [100, 101, 102, 103, 104, 105]}, {18: [108, 109, 110, 111, 112, 113], 19: [114, 115, 116]}, {20: [120, 121, 122, 123, 124, 125]}, {21: [126, 127, 128], 22: [130, 131, 132, 133, 134]}, {22: [135], 23: [138, 139, 140, 141, 142, 143]}, {24: [144, 145, 146], 25: [150, 151, 152]}, {25: [153, 154, 155], 26: [156, 157, 158], 27: [160, 161]}, {27: [162, 163, 164, 165], 28: [168, 169, 170]}, {28: [171, 172, 173], 29: [174, 175, 176]}, {30: [180, 181, 182, 183, 184, 185], 31: [186, 187, 188]}, {32: [190, 191, 192, 193, 194, 195]}, {33: [198, 199, 200, 201, 202, 203], 34: [204, 205, 206]}, {35: [210, 211, 212, 213, 214, 215]}, {36: [216, 217, 218], 37: [220, 221, 222, 223, 224]}, {37: [225], 38: [228, 229, 230, 231, 232, 233]}, {39: [234, 235, 236], 40: [240, 241, 242]}, {40: [243, 244, 245], 41: [246, 247, 248], 42: [250, 251]}, {42: [252, 253, 254, 255], 43: [258, 259, 260]}, {43: [261, 262, 263], 44: [264, 265, 266]}, {45: [270, 271, 272, 273, 274, 275], 46: [276, 277, 278]}, {47: [280, 281, 282, 283, 284, 285]}, {48: [288, 289, 290, 291, 292, 293], 49: [294, 295, 296]}, {50: [300, 301, 302, 303, 304, 305]}, {51: [306, 307, 308], 52: [310, 311, 312, 313, 314]}, {52: [315], 53: [318, 319, 320, 321, 322, 323]}, {54: [324, 325, 326], 55: [330, 331, 332]}, {55: [333, 334, 335], 56: [336, 337, 338], 57: [340, 341]}, {57: [342, 343, 344, 345], 58: [348, 349, 350]}, {58: [351, 352, 353], 59: [354, 355, 356]}, {60: [360, 361, 362, 363, 364, 365], 61: [366, 367, 368]}, {62: [370, 371, 372, 373, 374, 375]}, {63: [378, 379, 380, 381, 382, 383], 64: [384, 385, 386]}, {65: [390, 391, 392, 393, 394, 395]}, {66: [396, 397, 398], 67: [400, 401, 402, 403, 404]}, {67: [405], 68: [408, 409, 410, 411, 412, 413]}, {69: [414, 415, 416], 70: [420, 421, 422]}, {70: [423, 424, 425], 71: [426, 427, 428], 72: [430, 431]}, {72: [432, 433, 434, 435], 73: [438, 439, 440]}, {73: [441, 442, 443], 74: [444, 445, 446]}, {75: [450, 451, 452, 453, 454, 455], 76: [456, 457, 458]}, {77: [460, 461, 462, 463, 464, 465]}, {78: [468, 469, 470, 471, 472, 473], 79: [474, 475, 476]}, {80: [480, 481, 482, 483, 484, 485]}, {81: [486, 487, 488], 82: [490, 491, 492, 493, 494]}, {82: [495], 83: [498, 499, 500, 501, 502, 503]}, {84: [504, 505, 506], 85: [510, 511, 512]}, {85: [513, 514, 515], 86: [516, 517, 518], 87: [520, 521]}, {87: [522, 523, 524, 525], 88: [528, 529, 530]}, {88: [531, 532, 533], 89: [534, 535, 536]}, {90: [540, 541, 542, 543, 544, 545], 91: [546, 547, 548]}, {92: [550, 551, 552, 553, 554, 555]}, {93: [558, 559, 560, 561, 562, 563], 94: [564, 565, 566]}, {95: [570, 571, 572, 573, 574, 575]}, {96: [576, 577, 578], 97: [580, 581, 582, 583, 584]}, {97: [585], 98: [588, 589, 590, 591, 592, 593]}, {99: [594, 595, 596], 100: [600, 601, 602]}, {100: [603, 604, 605], 101: [606, 607, 608], 102: [610, 611]}, {102: [612, 613, 614, 615], 103: [618, 619, 620]}, {103: [621, 622, 623], 104: [624, 625, 626]}]] 
